$ANSIBLE_VAULT;1.1;AES256
62383538663838643566633635623964663937313661373233326536376132333161336539646336
3836643436333263396338346361356232613331663033610a663763633334306538393238313662
62383361316631383331366339366634613363343561613539353734343431373366323464366538
3533363034666437350a326566373738383138396139363435356436343533353762663837363333
34626235626362656366623165613537646138616166346232303161623866396539303630623934
62313737323161346235346631613561356132373136653130623538393932353631623537643830
31396230653538653433303938663964633539653638373363656365623337346361353634393965
63623534666531366336343237323764656664303661636633643361356165656665666536306539
31393032333562613237343635323861363433636633333963356564323461626136656634346464
30666239626438323735316534393531356636303361633165663335663838633361333630386530
37336262636437613163626130356636653233643239323334396265383139623762326232376332
36373834663734323861373137643264643430653837363538316565646266376438633732346137
34343135383534333534623937326139303433316637326166333064623664633234626362666438
37656235636536366366616234613832316562613964346162643539656162663638363064346638
34386536613936346636346130356230383263303364646332613038626263656661613832663165
65663463383236663432623364326338656439626239383963313732623863353033353966383964
39333264656536393932626132623532373265623436616166336362636432336637636161396236
32373438663938333532326136643139626230666439653364386165333761643934636138376564
31383033376239623033303239643764313734613635643233643562373461363431353534636536
66316365633831646339323531646333363632333664373634613532653236366539636234393264
35636464663934393537306361376237323832396165653337373136346664306437303762363139
37616230336263623534373365383935323261313033336331613038303531343065366563613939
36303033623433343964353333653036343964363630623638343964623432376139613963386231
32376133663736316530353861643533376334643332303133663935353666396161653962386363
39633631313735343166636335383662366165323636643566313261353636346239316334323835
66333137633435643731313962313838346433623162636435373661353939386166656238363236
37623539356533653161303832643338303036663439333130373133633864396631366330303833
31643135313836643731363762363530313237323366363432343936373166303161663937663533
32643833303164303239616531656132363534326537306334356634373635393566656638623566
32363564663165373838333863373963333734353137333836363039663831646562393134396132
66636264633162393362633732643966333338366535616236626362323738356161386365373137
30313062346337376430353166666364303235346232306664653338383832363431363061323236
65336439343730313031363433336131383263393438386239626238303430646634663365633731
62613731343930356562323132616530393636633966396536666536393664653366343635326338
61626564323234373339393731653263333130663734306233393130336363376135636238663561
38313937353761393866626131333838646631393838396234306161623936303937663633643361
64336431666566393130303635633664353166633863353362666435336161333833646631633532
61376562323264666537663031623330306330613364376166326665383837326561653064633435
63636631663965623435666564653232323863326539336135633730306666613137396564306463
33376330323534666137316361303564366562303161623133323230333462333762346263386439
39626362656630633838336538306632393266383632626664626133393531633162646637613364
37313162303730306238383439363438363930613131333063346563313662663066636664346565
62346164333138356363623065326165313231613231356435666134306366376133343161663064
37613231616132643939306137633835316634623933306632356564343031363761616364306436
61633333386261313063653033643866653432623538306437643730306235373764323864636333
66353437363735346131646230626636356561373365613330623065346162613235623138346464
65353938366562656338363266316335646565666633393037356136313930633665346539666463
37353465636638333238303665613935353136653035646165663235373630323936333132316661
39326135346463363461373764623432306537353937376264323036393166336634393065636432
34623039626334323133623662616430343630373638303665306666303430653838316239363232
34653338626565373733633137386363663765653631373733313238613136663231363332633334
64623864313161663362393563623261616566613038346662663633353631623139353131333863
36336638646135336264643762643537373038306237366435393934393630353034613830626166
33643836653465636330356566333363613239363636323862313565623832386164643664333665
63346335346634306361316439326463613731653433386330386639633565363633326133393962
62356239346437656334633130303830356137663939656664323332376662613437366663373039
66653162323731366431613465373734393837626132383866376464346233356636303232363063
38353439376634663336636339663238383963383934623561353938356464336365323066623564
35663033323236653264386662306464656436316366386635346461646435376663666463303237
63363036646131663235383865373538363338373061626662626532663064656330306163633966
30373535623162643232626363323438663539373465653735656562396332383131383732336134
63663730633361393430326565376434383938306162356534626466306436393632613261356131
37623131616331303833326234363134313032623930396337383831393134633139616637636561
62313736343132363036633334653139663864393637623764353764633666303837643430393062
31363838656364643934303062303030393232633930386530306566313639343166396334616132
63343939613264616233656238396233396537663537356566303636386537316663666439616563
38643030633862333863336435623538316530316438356464643132623732343134313061346236
38663031653635356265613765653738363362633337393539383632306337333239653039356435
32666333313734346563613338306431616464613463363764306435383333306330356138393939
36633234393230346137363935356131613866663261616634356530376661613162373330363239
38343862303762343161373365363632373837366235306534643732663432613062376639306135
66393735346230333738343264353363636235393630393265656535313636306339393430613839
66336266303631356664333962316265303631653430386637643564663165363232616338366330
36626436656162316134366237393838396332316139373361383661313835326661396264633834
38366265326631366232623063633134613833326431303533643830306537623937653837333931
34393361373366353035623830386532353163663037376462376461323364616233643030663732
36383664663635346364303565313866633961393765623332306136653039353261373739363636
65363565343831303837346136666561376135616233373431313363653438303365326631633035
37386537383365313862653837646334323931383235366430313434323732303864336362313061
39393934326133356234356632303563326438623361393835636635343362346635343436313964
64646664373931326239373537613563306161303564323163396666633339656330343663333866
38336466626630323439333936626363336231656333663032643262343562363963333534316231
37616336393836616634616438303232643334613661623361313632653033633538613734616363
31396238363135653433626432386330333562343234633466643462393632626632333335363839
65313563326461663034666330356261393066646630663333356664306364386331613162386134
34313166353636626465653364383933663861363530346462633034663564346437326134383462
31373763306461626562336261613435333363383631343064323435633831366632343562373632
38373532386132393661656438376130336666396337626562333933316639626666613765666438
66663363323565636139663839373164363565643537636137313135653966663361386135313863
64666634643537386630306463386261323737396664623062336564653436366162386166346339
62383239316234653464333461346237346339326533646237663731383436343538386163373763
32306335653037393366383761366135623035653964333865366431323166323236633939353437
38376165396264353139383937373035653862313930666133386461656131313530346234333934
61363061303036303336303366643631333865343534653435643134363262646166653362636133
39316661636139363337346436333065336138323733643730643766313361636165373839386662
64643764613837663338333736626437336535383062613362653061333230343431623738623635
34303031346139613336656636623365356236633136663762626461323263366337626432316234
61346131373761326532623934393039393866656561633761373539666634386566373031303039
31383166336262336532353339346639663436383839386232663036653365666231643938663565
65306638373565333739393235343463363032366135333063306532333030336361396462323066
37663565356136366636346335303261306335646164623436663265396363323962346263316333
35326561393634343633313163353232633266643239336561323335363562376265353231366662
39313435343437383936666137663235616564626335396630343163336364333363636531333836
64376233383234623565303263623530643239393435383666336637303766346235666231653530
63323965393732626231656532316435346261653933363164616438323539313436363630306465
33373333316633656531373732383362303864643434363066383263643737646564303065346262
31346465396563386431336664383166326235376465613264333735363561356363316532666234
66383936613630383437303336386566666132326333653533313637313535386339396630393637
31313666636361636664376533663464386463316634346130626533666231393964323631383765
64303237366265333938323736326431366165343830303834323166343639613031323963323935
33666635323865313234333932656161663338626164653332306335623664633030353533353562
63303536386437396136623263303330306636653561366662656432333933333238343731386238
65643639336464646431333362386161323536303437363735656361333063336361383865343736
31656266393132323936333766646236363436343833386363306137623332363537343831303433
37373931323561373863623239343263626130356135323130613565343139333461653662346161
66666639633334333131353866323833326535633963376533633166386466323365616131383535
39626336343065663237363630633538313037393762626638396537646437616433303030623964
34633432623933313463366634363430383631626435616362373936303333333238396330316634
31353933356233376637336635663035623863656532353632373563333938616532303865663238
62653130636535376564323435396231323638643463386531613466313137623732366566616238
35366264623439623238613331333132336636653964366665303564336536613964643165343762
66383965666535666264356137623938306537396266346465616563616531636639646362373564
32656638623139323839303137623539363738646533613536646163386534323638343837386539
66643132656665336536333031313338323262323333353262643231336262316261373331353337
38373935666436626462376261653839633238333730666564396262363761396137336136393630
31356336663034383738646434306339613764333338636637346366616464666636313761306336
63363364303833333661353963616333353037336362613834333739313737653764616231653064
62666439366434353063666535333132343035303932336637363165633537356435326131666466
62343439356536636432653935633830633233333931383461666164343131353234313337353936
33353536386566376264393036666164373136323835393366646335336562336263313131346262
62363035633466666266616438616139353261633661653034336139316332306536373039316537
61363630353530323139326439383732396431363964666137663735656465633861373765393137
37366330363063653031353237313966306439633339326134346664633830306431313766313466
37653335326134613261613362393432326663326365343730376433613736366132356130613266
37613165643066663164306338633331636666376534626130383836633936313262613234303336
62303737303732333765633638393333393937336435396639666364333266633930336537326265
3438
